Min seam : 43240.4970249
[ 499.           67.          112.65336232]
[ 498.           67.           66.57309584]
[ 497.           68.          169.73485816]
[ 496.           70.          146.14855457]
[ 495.           69.           49.81574977]
[ 494.           70.          100.35579582]
[ 493.           69.          155.86385562]
[ 492.           70.          122.83695455]
[ 491.           70.          127.12285394]
[ 490.           68.          166.60011781]
[ 489.           67.           90.66077124]
[ 488.           68.          100.33351694]
[ 487.           69.           12.44248985]
[ 486.           70.           13.04622772]
[ 485.           69.          117.83173049]
[ 484.           68.           38.69711298]
[ 483.           67.            5.69436786]
[ 482.           68.          149.29052083]
[ 481.           67.           33.94210332]
[ 480.           67.            1.01558947]
[ 479.           69.          243.81393979]
[ 478.          68.          98.6265529]
[ 477.           68.           24.54342286]
[ 476.           69.           17.43124118]
[ 475.           70.           74.63798168]
[ 474.           71.           22.51452273]
[ 473.           72.          151.45127463]
[ 472.           71.            7.36191368]
[ 471.           72.           24.34239188]
[ 470.           73.            4.97520624]
[ 469.           75.          147.84119171]
[ 468.           75.           42.62257009]
[ 467.           74.           19.16310313]
[ 466.           74.            7.58108207]
[ 465.           74.           92.34091929]
[ 464.           73.          133.63694454]
[ 463.           73.          236.87934773]
[ 462.           72.           97.69175707]
[ 461.           72.          187.57755387]
[ 460.           73.          120.80108488]
[ 459.           74.           34.93724906]
[ 458.           74.           13.12297134]
[ 457.           73.          190.20583554]
[ 456.           72.           41.15779479]
[ 455.           73.           30.38784362]
[ 454.           71.           73.47225305]
[ 453.           71.           28.38254824]
[ 452.           69.           44.16877264]
[ 451.           68.           25.93749277]
[ 450.          68.          22.1880839]
[ 449.           68.          132.93545505]
[ 448.           68.           21.55873106]
[ 447.           69.           24.10527453]
[ 446.           70.            0.50605426]
[ 445.           71.           87.37228608]
[ 444.           71.          190.80780994]
[ 443.           72.          412.90249227]
[ 442.           73.           13.75175083]
[ 441.           74.          277.38957384]
[ 440.           75.          120.19717641]
[ 439.           75.           24.33791055]
[ 438.           76.           80.20749789]
[ 437.           75.           29.91345667]
[ 436.           74.           12.85035027]
[ 435.           74.           40.51464101]
[ 434.           73.          190.62059648]
[ 433.           73.          122.11746752]
[ 432.           73.           32.71118667]
[ 431.           72.           43.15098474]
[ 430.           71.           12.41520605]
[ 429.           71.           67.43733946]
[ 428.           71.           14.17933932]
[ 427.           70.           44.67640095]
[ 426.           69.           69.79431729]
[ 425.           70.           72.45055693]
[ 424.           69.           71.86484746]
[ 423.           68.          154.70075557]
[ 422.           66.          184.65963566]
[ 421.           65.           97.27184308]
[ 420.           64.          108.10548885]
[ 419.           63.          135.41877179]
[ 418.           63.          209.02276286]
[ 417.           63.          138.22723096]
[ 416.           64.          109.22096408]
[ 415.           63.           25.10311392]
[ 414.           62.           48.86577613]
[ 413.           62.          287.64393369]
[ 412.           61.           57.85685495]
[ 411.           61.           71.30690219]
[ 410.           60.          190.62274795]
[ 409.           59.          185.72817721]
[ 408.           58.           30.47699535]
[ 407.           59.           29.01082784]
[ 406.          58.          22.5218591]
[ 405.           60.          168.54959418]
[ 404.           60.           72.48466861]
[ 403.           61.           73.15533208]
[ 402.           61.           49.01366132]
[ 401.           60.           38.59880098]
[ 400.           60.          150.50490665]
[ 399.          60.         198.9141202]
[ 398.           61.           37.92867413]
[ 397.           61.           11.14557382]
[ 396.           60.           70.22711354]
[ 395.           61.           60.04912939]
[ 394.           59.          257.21095423]
[ 393.           59.          294.40556834]
[ 392.           59.            6.16208741]
[ 391.           60.          122.84674772]
[ 390.           59.           26.50293877]
[ 389.           58.           38.71584455]
[ 388.           59.           83.51163355]
[ 387.           59.           71.51605606]
[ 386.           58.          173.22055831]
[ 385.           57.           45.00026594]
[ 384.           56.          118.33418517]
[ 383.           55.          143.92573974]
[ 382.           56.          195.95421305]
[ 381.           57.           85.87903866]
[ 380.           57.          127.54431168]
[ 379.           58.           38.97775885]
[ 378.           59.            0.49332483]
[ 377.           58.           12.49548558]
[ 376.           57.          125.17234494]
[ 375.           58.           19.68657816]
[ 374.           57.            3.26597262]
[ 373.           56.          167.08666233]
[ 372.           56.           43.35924385]
[ 371.           56.           13.21804691]
[ 370.           55.           85.72556878]
[ 369.           55.          151.62044334]
[ 368.           55.           99.22515197]
[ 367.           56.           14.82182088]
[ 366.           55.            4.47988132]
[ 365.          55.         286.0777524]
[ 364.           54.           19.37587962]
[ 363.           56.          299.33091578]
[ 362.           56.          213.47095978]
[ 361.           57.            3.91617596]
[ 360.           56.           19.06049871]
[ 359.           57.           59.01879046]
[ 358.           57.            2.62284894]
[ 357.           57.           41.63577167]
[ 356.           58.          189.64143688]
[ 355.           58.           67.60521306]
[ 354.           59.           52.39245908]
[ 353.           60.            8.98593408]
[ 352.           60.           93.67169318]
[ 351.           62.          258.64344517]
[ 350.           62.          105.60361948]
[ 349.           61.           40.81115221]
[ 348.           61.            6.72706633]
[ 347.           61.            7.39424731]
[ 346.           60.           83.47312794]
[ 345.           59.          132.23208648]
[ 344.          60.         104.0274105]
[ 343.           60.           67.42463364]
[ 342.           60.           17.51543335]
[ 341.          60.         137.1478949]
[ 340.           60.           23.37161608]
[ 339.           60.          174.16377251]
[ 338.           62.          242.08934165]
[ 337.           63.          336.10513546]
[ 336.           64.           10.18289939]
[ 335.           64.            9.30093793]
[ 334.          65.         120.8221634]
[ 333.           66.          133.14397616]
[ 332.          66.          63.1197951]
[ 331.           66.           46.31661067]
[ 330.           67.           41.95602504]
[ 329.           67.           31.79901608]
[ 328.           68.          113.14306082]
[ 327.           70.          114.49333026]
[ 326.          69.          33.0335746]
[ 325.           71.          254.32540361]
[ 324.           71.            3.25553853]
[ 323.           71.           23.16233706]
[ 322.           70.            8.54229072]
[ 321.         71.         12.443316]
[ 320.           72.           37.16353477]
[ 319.           74.          180.99013164]
[ 318.           73.            0.38445498]
[ 317.           73.           13.97242056]
[ 316.           75.           69.87988894]
[ 315.           75.           71.06330951]
[ 314.           74.          188.58093378]
[ 313.           76.          135.01702321]
[ 312.           76.           79.79311771]
[ 311.          77.          65.0598811]
[ 310.          76.          22.5336019]
[ 309.           77.          211.06545029]
[ 308.           77.            7.16724574]
[ 307.           77.           46.39110898]
[ 306.           78.           17.58807692]
[ 305.           79.          115.87255157]
[ 304.         79.        110.017068]
[ 303.           79.           13.54340119]
[ 302.           80.           73.32177047]
[ 301.           81.           40.67567244]
[ 300.          80.          61.8693409]
[ 299.           80.           50.61310211]
[ 298.           81.           50.53770612]
[ 297.           80.          108.65836318]
[ 296.           78.          255.39463921]
[ 295.           78.           68.56311579]
[ 294.           78.           42.77642981]
[ 293.           79.            7.63988644]
[ 292.           78.          221.96046729]
[ 291.           77.           71.82932773]
[ 290.           78.           63.28655181]
[ 289.          79.           0.5121754]
[ 288.           78.          296.91794421]
[ 287.           76.           73.44413604]
[ 286.           76.          144.28773792]
[ 285.           75.           87.65865275]
[ 284.           76.            8.71598895]
[ 283.           77.          102.83057058]
[ 282.           78.           67.70257682]
[ 281.           77.           81.05536941]
[ 280.           76.           51.63281381]
[ 279.           76.            2.49488224]
[ 278.           75.          129.11347411]
[ 277.           73.           81.04724832]
[ 276.           73.          101.12926999]
[ 275.           73.           15.38348396]
[ 274.           74.          125.53533946]
[ 273.           74.          201.98995676]
[ 272.           75.           21.80780907]
[ 271.           76.           40.96400004]
[ 270.           78.          314.28156178]
[ 269.           79.           18.82914004]
[ 268.           80.           23.19327814]
[ 267.          80.         116.1969029]
[ 266.           81.          298.87541768]
[ 265.          81.         111.6749188]
[ 264.           81.           70.32197542]
[ 263.           80.           13.49959519]
[ 262.          78.         127.0974276]
[ 261.           79.           34.27765363]
[ 260.           78.           24.45427591]
[ 259.           77.           64.78403571]
[ 258.           78.          174.89657579]
[ 257.           78.           63.90140098]
[ 256.           79.            8.73448783]
[ 255.           79.           59.94700471]
[ 254.           79.            8.33439946]
[ 253.           80.          191.08645709]
[ 252.           79.           94.62615768]
[ 251.           80.           34.29133579]
[ 250.           81.           77.39589121]
[ 249.           81.           95.57947805]
[ 248.           82.          150.31487593]
[ 247.           82.           43.30411353]
[ 246.           84.          125.54695176]
[ 245.           84.            5.81439996]
[ 244.           83.            6.32098409]
[ 243.           84.           37.04505995]
[ 242.           84.           90.12512892]
[ 241.           83.           18.15865235]
[ 240.           81.           68.69250384]
[ 239.           82.           25.25415632]
[ 238.           82.           29.26698711]
[ 237.           82.          117.99706332]
[ 236.         81.        186.125985]
[ 235.          80.          35.0898352]
[ 234.          81.          90.5660835]
[ 233.           80.          270.84816695]
[ 232.           79.          113.04411135]
[ 231.           78.          127.49058003]
[ 230.           78.            0.55096504]
[ 229.           79.           69.10095325]
[ 228.           78.           46.92482441]
[ 227.           78.           45.43086875]
[ 226.           77.          201.21647633]
[ 225.           75.          429.95987731]
[ 224.           75.           66.35633547]
[ 223.           74.            3.80260313]
[ 222.           73.          224.78627723]
[ 221.           72.          100.30996295]
[ 220.          71.          30.7883949]
[ 219.           70.           41.15680114]
[ 218.           69.           57.25551548]
[ 217.           67.          323.57982299]
[ 216.           67.           81.14194631]
[ 215.           66.           39.96303672]
[ 214.           67.            4.21843058]
[ 213.           68.           12.37021189]
[ 212.           70.          110.07715288]
[ 211.           70.           33.24706165]
[ 210.           69.          143.16422334]
[ 209.           69.           39.08778883]
[ 208.           68.          110.66963469]
[ 207.          68.          89.8725216]
[ 206.           66.           33.93064531]
[ 205.           67.          197.72617937]
[ 204.          68.         116.3341685]
[ 203.           69.           56.32830543]
[ 202.           68.           13.56833401]
[ 201.           69.           79.91312215]
[ 200.           70.           33.14350989]
[ 199.           70.           19.19169186]
[ 198.           69.           32.95848062]
[ 197.           67.          340.80260117]
[ 196.           67.           31.04328581]
[ 195.           68.          364.98478094]
[ 194.           68.           36.38318481]
[ 193.          68.          40.0070343]
[ 192.           70.          130.38984584]
[ 191.           70.          100.73191037]
[ 190.           69.          148.17075153]
[ 189.           70.            9.73269296]
[ 188.          69.           0.4987544]
[ 187.           71.          256.20121774]
[ 186.           71.           37.58896346]
[ 185.           70.           83.96710213]
[ 184.           69.          160.55794135]
[ 183.           69.           35.30710931]
[ 182.           68.           11.33196201]
[ 181.           69.          156.01049095]
[  1.80000000e+02   7.00000000e+01   1.11125788e-01]
[ 179.           70.          170.80315186]
[ 178.           69.            9.75857833]
[ 177.          67.          77.6255875]
[ 176.           68.            1.01292816]
[ 175.           69.           14.79239777]
[ 174.           69.           91.07372297]
[ 173.           68.          137.32254044]
[ 172.           68.          123.45824114]
[ 171.           67.            2.01384959]
[ 170.           68.           19.86371427]
[ 169.          67.          28.6684686]
[ 168.           66.           20.44272588]
[ 167.           65.           91.01070265]
[ 166.           66.           99.53969219]
[ 165.           66.           20.35174696]
[ 164.           67.            4.28320081]
[ 163.           68.           46.21091076]
[ 162.           69.          110.56301285]
[ 161.           68.          145.87101589]
[ 160.           67.           55.05912734]
[ 159.           67.           22.69067841]
[ 158.           67.          188.08395523]
[ 157.           67.           57.61058463]
[ 156.           67.           26.97110447]
[ 155.          68.          72.8181068]
[ 154.           67.          239.99956978]
[ 153.           66.           57.90780375]
[ 152.           66.          191.38453621]
[ 151.           67.            7.67376766]
[ 150.           67.            6.75944268]
[ 149.           68.          142.68594343]
[ 148.           70.          110.85276532]
[ 147.           71.           51.17007457]
[ 146.           70.           46.04447401]
[ 145.           70.           15.95780718]
[ 144.           71.           48.79266026]
[ 143.           72.           59.11664285]
[ 142.          73.          61.5860523]
[ 141.           72.            7.10146113]
[ 140.           71.           49.15967056]
[ 139.           71.           20.47234029]
[ 138.           71.          201.30056784]
[ 137.           72.           12.29938519]
[ 136.           71.           88.93248423]
[ 135.          70.          43.6768675]
[ 134.           69.           80.34052701]
[ 133.           71.           69.81916278]
[ 132.           71.          165.16181598]
[ 131.          70.          32.2513421]
[ 130.           71.           55.06409881]
[ 129.           72.          137.29707878]
[ 128.           72.          271.05223542]
[ 127.           72.           14.85232577]
[ 126.           71.          213.88583421]
[ 125.           71.           41.15385714]
[ 124.           71.           46.64973894]
[ 123.           72.            2.93711522]
[ 122.           71.          100.78416798]
[ 121.           71.          168.41753999]
[ 120.         72.         27.909912]
[ 119.           72.           58.82495655]
[ 118.           73.           67.75312639]
[ 117.           72.           62.32536141]
[ 116.           73.          131.47481763]
[ 115.          74.           5.3777438]
[ 114.           76.           88.91489143]
[ 113.           76.           97.51171981]
[ 112.           76.           36.53249269]
[ 111.           75.           96.18532542]
[ 110.           75.           85.28968407]
[ 109.           75.            9.68389194]
[ 108.           74.           62.18947865]
[ 107.           75.           77.47297151]
[ 106.           76.          136.51457904]
[ 105.           75.           28.58898187]
[ 104.           75.           48.70224829]
[ 103.           76.          143.79760367]
[ 102.           77.           22.10904332]
[ 101.           78.            5.59066354]
[ 100.           77.           56.28033233]
[ 99.          76.          15.07507519]
[ 98.          78.          34.43789212]
[  97.           77.          146.76170554]
[ 96.          78.          26.07438758]
[  95.           79.          162.91584641]
[  94.           80.          209.28151594]
[ 93.          81.          47.66675732]
[ 92.          82.           8.05033222]
[ 91.          83.          11.52476996]
[ 90.          84.          37.55604844]
[  89.           85.          155.19032322]
[ 88.          86.          11.11949895]
[ 87.         86.         91.9388863]
[ 86.         85.         84.2126892]
[  85.           85.          171.82411139]
[  84.           87.          209.29392185]
[  83.           86.          215.02153122]
[ 82.          87.          28.09674913]
[  81.          86.         181.2106413]
[ 80.          87.          27.63031233]
[ 79.          88.          16.95393617]
[ 78.          89.          86.37165994]
[ 77.          90.          50.47880341]
[ 76.          91.          97.58556442]
[  75.           92.          273.63240633]
[ 74.          92.          12.46099648]
[  73.           93.          222.93164735]
[  72.           94.          140.90264256]
[ 71.         94.         31.0054245]
[ 70.          95.          74.45349294]
[  69.           96.          214.05797134]
[ 68.          97.           0.25281012]
[  67.           99.          200.61594049]
[  66.          100.           13.61549206]
[ 65.          99.          57.72631549]
[ 64.          99.          89.41083353]
[  63.          97.         136.3470374]
[ 62.          96.          14.20107355]
[ 61.          96.           4.41914001]
[  60.           96.          138.41379912]
[ 59.          95.          18.34148826]
[  58.           96.          157.92137428]
[ 57.          96.          16.21491643]
[  56.           97.          193.85041682]
[ 55.          98.          81.80883283]
[ 54.          99.          15.96396815]
[ 53.          99.          47.68113364]
[ 52.          97.          48.95450722]
[  51.          96.         138.3160845]
[ 50.          95.           5.02437909]
[  49.           95.          121.25742075]
[ 48.          96.          91.71120164]
[  47.           97.          126.41223555]
[ 46.         97.         28.4810091]
[ 45.          96.           3.11725037]
[ 44.          97.          57.10967537]
[  43.           99.          167.87359657]
[  42.           99.          105.06832012]
[  41.          100.           44.98019466]
[  40.          100.          115.45424764]
[  39.          100.          325.10180851]
[  38.          101.           83.90256001]
[  37.          101.           94.79656255]
[  36.          103.           43.26927284]
[  35.          102.           47.33753619]
[  34.          101.           16.02684259]
[  33.          100.           95.84676417]
[  32.          101.           65.46346556]
[  31.         101.          25.2787416]
[  30.          102.           52.35653775]
[  29.          101.           38.08689527]
[  28.          100.           57.81701543]
[  27.          101.           76.92702532]
[  26.          100.           20.98125619]
[  25.          101.           69.37035693]
[  24.          101.           58.21742579]
[  23.          102.           61.94126536]
[  22.          102.           98.32289555]
[  21.          102.           44.35578566]
[  20.          103.           77.44329216]
[  19.          103.           91.79994746]
[  18.          104.           28.89701604]
[  17.          103.           10.98074984]
[  16.          102.           29.48835317]
[  15.          104.          130.31300711]
[  14.          103.           42.81902011]
[  13.          103.           27.41811406]
[  12.         103.          19.5430891]
[  11.         104.         100.0146647]
[  10.         104.          56.2503214]
[   9.          103.           33.42941619]
[   8.          103.           56.07498593]
[   7.          103.          101.00907788]
[   6.          102.           69.00270904]
[   5.         103.           7.4481909]
[   4.          104.          164.87778081]
[   3.          105.           17.92152687]
[   2.          107.          166.01563697]
[   1.          107.          111.78507374]
[   0.          107.           74.86710465]
