Min seam : 43907.5955921
[ 499.          194.           31.87823233]
[ 498.          193.           33.34248691]
[ 497.          194.           35.88791001]
[ 496.          193.          112.15402887]
[ 495.          193.           94.18367545]
[ 494.          194.           81.63089463]
[ 493.          195.            7.58808578]
[ 492.          196.            9.12819931]
[ 491.          198.          164.33200805]
[ 490.          198.            7.45305185]
[ 489.          197.          174.25542979]
[ 488.          196.           52.74386175]
[ 487.          196.          227.72081904]
[ 486.         195.          81.5642032]
[ 485.          194.          113.87049373]
[ 484.          194.          109.30884944]
[ 483.          194.            9.48625991]
[ 482.         193.          23.0502008]
[ 481.          191.           85.68093528]
[ 480.          191.           41.62548337]
[ 479.          190.           63.68477003]
[ 478.         191.          11.4732666]
[ 477.          191.          153.73907131]
[ 476.          191.           44.54542682]
[ 475.          192.          107.70332898]
[ 474.          191.           12.64200117]
[ 473.          192.           47.62382276]
[ 472.          192.           16.07319593]
[ 471.          192.          161.74940022]
[ 470.          191.           14.22167039]
[ 469.          191.           29.43262237]
[ 468.          192.           48.12570665]
[ 467.          193.           18.94156833]
[ 466.          194.           76.11382183]
[ 465.          194.          201.83258691]
[ 464.          195.           94.63834399]
[ 463.         193.         218.1558109]
[ 462.         192.         156.8455057]
[ 461.          194.          165.03521125]
[ 460.          195.           79.36820781]
[ 459.          196.           33.15735277]
[ 458.          197.          348.63146031]
[ 457.          197.           71.77062711]
[ 456.          197.           16.02294266]
[ 455.          198.           28.08934101]
[ 454.          198.           56.08568925]
[ 453.          199.          186.22547096]
[ 452.          198.           39.79397221]
[ 451.          198.          145.66061215]
[ 450.          197.           30.40073974]
[ 449.          197.           17.23547764]
[ 448.          198.          127.04203876]
[ 447.         199.          38.1728756]
[ 446.          199.          173.48720568]
[ 445.          200.           46.25100824]
[ 444.          200.          153.40466776]
[ 443.          199.          118.35764127]
[ 442.          200.            3.34065963]
[ 441.          200.           31.16351576]
[ 440.          200.            6.55273787]
[ 439.          198.          203.95752821]
[ 438.          196.          368.10558214]
[ 437.          196.           19.42341392]
[ 436.          197.           39.19697612]
[ 435.          198.          164.71412165]
[ 434.          197.           22.86183872]
[ 433.          197.          176.60777063]
[ 432.          198.           16.03560109]
[ 431.          199.           91.68005019]
[ 430.          201.           58.28643342]
[ 429.          202.           15.85454398]
[ 428.          201.          103.39007624]
[ 427.         201.         151.4073776]
[ 426.          200.           10.98618312]
[ 425.          200.            5.33100012]
[ 424.         201.          78.5071437]
[ 423.          201.           22.69080231]
[ 422.          200.           12.55674134]
[ 421.          201.           26.77946298]
[ 420.          201.           84.31912018]
[ 419.          201.           56.20880098]
[ 418.          200.            8.31820132]
[ 417.         201.          39.3897257]
[ 416.          202.           18.64475104]
[ 415.          203.          144.02466059]
[ 414.          203.           70.99358949]
[ 413.          202.           48.61362369]
[ 412.          202.          217.00699702]
[ 411.          201.           55.85325803]
[ 410.          201.           41.30996568]
[ 409.          202.           33.17287515]
[ 408.          201.          220.30156055]
[ 407.          202.           60.77754473]
[ 406.          202.           58.89128757]
[ 405.          202.           16.00044928]
[ 404.          202.          115.86846995]
[ 403.          201.           23.98143382]
[ 402.          202.           78.38561713]
[ 401.          204.           77.72787103]
[ 400.          204.           44.64790732]
[ 399.          203.           22.81406925]
[ 398.          204.          101.43413894]
[ 397.          202.          106.47543007]
[ 396.          203.            2.69408662]
[ 395.          203.           26.27358134]
[ 394.          203.           40.51367742]
[ 393.          203.           22.03051769]
[ 392.          203.           89.75382885]
[ 391.          202.            4.87325076]
[ 390.          202.          194.06287511]
[ 389.          201.            6.36851697]
[ 388.          199.           78.74515838]
[ 387.          199.           69.66850441]
[ 386.          201.           54.44570392]
[ 385.          200.           93.91856002]
[ 384.          201.           11.22868977]
[ 383.          199.          122.56144903]
[ 382.          200.          155.61064656]
[ 381.          201.          217.22626142]
[ 380.          202.           52.62310468]
[ 379.          203.           28.41157632]
[ 378.          204.          315.24027811]
[ 377.         204.          17.7515984]
[ 376.          206.          271.69152556]
[ 375.          206.          196.31644049]
[ 374.          206.           66.83672195]
[ 373.          205.           93.92272648]
[ 372.          205.          115.10494677]
[ 371.          206.          170.93929386]
[ 370.          207.           11.48951912]
[ 369.          208.           80.55424885]
[ 368.         209.          57.5463052]
[ 367.          208.           67.46116018]
[ 366.          208.           18.96997265]
[ 365.          210.          144.60012926]
[ 364.          210.           64.87873531]
[ 363.          209.           16.17047949]
[ 362.          211.           57.39115534]
[ 361.          210.          187.39029738]
[ 360.         208.          43.0881199]
[ 359.          208.           38.97624318]
[ 358.          207.          329.29752372]
[ 357.          208.           20.10304122]
[ 356.          208.           31.18975208]
[ 355.          207.          122.72381971]
[ 354.          208.          133.88384335]
[ 353.          208.          170.02633248]
[ 352.          206.           90.16878265]
[ 351.          206.          236.22345328]
[ 350.          207.          201.63570321]
[ 349.          208.           26.54660354]
[ 348.          207.           66.84881884]
[ 347.          206.           20.32749535]
[ 346.         207.          68.4608165]
[ 345.          207.           26.44697938]
[ 344.          207.           87.66955349]
[ 343.          207.           14.35850131]
[ 342.          206.           80.91130122]
[ 341.         207.         181.2657274]
[ 340.          208.           31.47077283]
[ 339.          207.           27.52672397]
[ 338.          206.           83.23858076]
[ 337.          208.          147.65069877]
[ 336.          208.           17.76494499]
[ 335.          207.           47.46765632]
[ 334.          207.           47.03402346]
[ 333.          207.          343.19051012]
[ 332.          206.          112.69068769]
[ 331.          205.           26.88802109]
[ 330.          204.           66.54249356]
[ 329.          203.          121.39511357]
[ 328.          204.          120.15128454]
[ 327.         205.         149.4859099]
[ 326.          205.           29.76157617]
[ 325.          205.           32.69990152]
[ 324.         205.          78.6165582]
[ 323.       204.       232.29102]
[ 322.          204.           38.65046033]
[ 321.          206.          166.76148867]
[ 320.          205.           88.23645378]
[ 319.          206.           69.28976711]
[ 318.          207.           70.42561677]
[ 317.          208.          241.24767464]
[ 316.          209.           34.62990093]
[ 315.         210.          61.4823964]
[ 314.          211.           15.03189169]
[ 313.          211.           73.67034759]
[ 312.          211.          132.24721538]
[ 311.          211.           12.97141676]
[ 310.          212.           32.66046159]
[ 309.         214.         215.3955743]
[ 308.          216.          246.57527762]
[ 307.          216.           18.08435247]
[ 306.          214.          179.21579289]
[ 305.          215.            6.72790684]
[ 304.          216.           47.96890123]
[ 303.          217.           59.91211428]
[ 302.          218.           12.30524685]
[ 301.          219.            1.09713446]
[ 300.          220.          195.31932862]
[ 299.          219.          214.83604324]
[ 298.          218.           27.87659845]
[ 297.          219.           15.86919695]
[ 296.          221.          125.36324992]
[ 295.          221.            2.24222294]
[ 294.          220.            0.97786315]
[ 293.          219.            0.94611278]
[ 292.          219.           57.29793216]
[ 291.          219.           97.11564917]
[ 290.          220.          104.01445504]
[ 289.          220.           26.48627774]
[ 288.         218.         274.3982056]
[ 287.          218.            3.54249054]
[ 286.          219.           10.57176753]
[ 285.          220.          295.22059457]
[ 284.          220.          158.57603189]
[ 283.          219.           37.42457261]
[ 282.          218.           34.78044269]
[ 281.          218.           59.30231071]
[ 280.          218.          112.30990896]
[ 279.          219.           93.27844725]
[ 278.          220.           82.21347753]
[ 277.          222.          249.47179902]
[ 276.          222.           93.26250407]
[ 275.          223.           73.44453756]
[ 274.          223.           58.12885566]
[ 273.          222.           33.54615924]
[ 272.          223.           19.11923617]
[ 271.          223.           19.93412717]
[ 270.          224.          105.07534869]
[ 269.          223.           81.44945511]
[ 268.          224.          181.20752399]
[ 267.          225.           58.69215253]
[ 266.          224.          111.35085883]
[ 265.          223.          180.22973226]
[ 264.          225.          123.02468185]
[ 263.          225.           70.16833306]
[ 262.          224.           71.04283076]
[ 261.          225.          123.46124517]
[ 260.          225.           38.82943452]
[ 259.          225.           98.45491007]
[ 258.          226.          187.70392259]
[ 257.          226.           80.36016793]
[ 256.          225.            9.88806222]
[ 255.          226.          201.00907052]
[ 254.          226.            9.98009531]
[ 253.          225.            6.36670934]
[ 252.          225.           96.70696592]
[ 251.          224.           37.36605536]
[ 250.          223.          116.77344583]
[ 249.          222.           25.57738488]
[ 248.          223.           46.57640344]
[ 247.         223.          64.1233405]
[ 246.          224.            3.85814289]
[ 245.          225.           10.56496364]
[ 244.          225.           60.03986182]
[ 243.          227.          156.08177704]
[ 242.          227.          110.51826443]
[ 241.          226.           25.13384592]
[ 240.          226.           75.11200958]
[ 239.          224.          308.77821641]
[ 238.          224.          123.66513567]
[ 237.          223.          174.66272766]
[ 236.          221.          101.21923839]
[ 235.          221.          166.53882796]
[ 234.          220.           73.22153134]
[ 233.          220.           66.17781814]
[ 232.          219.           92.66957216]
[ 231.          220.           71.25473169]
[ 230.          221.          239.70563812]
[ 229.          221.            5.51704991]
[ 228.          222.          142.37063183]
[ 227.          223.           15.79292844]
[ 226.         222.          49.3170484]
[ 225.         221.          30.5860505]
[ 224.        221.        161.583662]
[ 223.          222.           53.20798948]
[ 222.          223.           94.82356651]
[ 221.          224.           88.14777206]
[ 220.          222.            6.20429939]
[ 219.          221.           34.64078892]
[ 218.          221.          137.84046473]
[ 217.          220.           33.44998514]
[ 216.          220.           19.84599818]
[ 215.          220.          120.78600407]
[ 214.          220.           88.22405248]
[ 213.          221.           63.13550344]
[ 212.          220.           37.45725215]
[ 211.         221.          31.5517597]
[ 210.         223.         153.7322455]
[ 209.          222.           74.17376244]
[ 208.          223.            3.08760496]
[ 207.          223.          142.42042372]
[ 206.          223.          225.44323713]
[ 205.          224.          131.51932645]
[ 204.          224.          146.96286508]
[ 203.          224.          183.07630016]
[ 202.          222.          115.30807311]
[ 201.          222.           49.85636588]
[ 200.          221.           35.97960655]
[ 199.          223.          124.90107081]
[ 198.          223.          101.18785639]
[ 197.          225.          109.25283053]
[ 196.          224.           26.14847784]
[ 195.          224.          236.03781591]
[ 194.          224.            1.53150864]
[ 193.          223.           35.88761921]
[ 192.          222.           49.44741751]
[ 191.          221.           27.85888664]
[ 190.          223.           57.99408764]
[ 189.          223.          219.77599014]
[ 188.          222.           63.58144411]
[ 187.          224.           26.74347077]
[ 186.          225.           86.54353457]
[ 185.          227.           93.57965873]
[ 184.          227.            0.29699078]
[ 183.          227.          138.57652187]
[ 182.         228.          38.0256276]
[ 181.          228.           20.96494164]
[ 180.          229.          400.41256469]
[ 179.          230.           79.91691354]
[ 178.          231.            7.04383161]
[ 177.         232.           7.2979425]
[ 176.          232.           72.95202687]
[ 175.          232.          104.46881362]
[ 174.         233.          81.2733021]
[ 173.          233.           90.55672376]
[ 172.          233.           58.81293643]
[ 171.          233.           43.50368271]
[ 170.          234.           11.00111965]
[ 169.          234.           31.12613972]
[ 168.          235.           88.92296481]
[ 167.          235.          100.05250314]
[ 166.          234.           19.30754635]
[ 165.          232.          226.17648218]
[ 164.         234.         191.5497389]
[ 163.          233.           24.18967135]
[ 162.          234.           46.30599164]
[ 161.          234.           76.09661624]
[ 160.          234.           85.01793035]
[ 159.         235.          34.4318513]
[ 158.          235.            3.53443582]
[ 157.        234.         15.669449]
[ 156.         235.          73.8802342]
[ 155.          235.           15.38033918]
[ 154.          237.          240.11155351]
[ 153.          237.          217.32342318]
[ 152.          239.           93.45065068]
[ 151.          238.           69.15218656]
[ 150.          239.            4.23686822]
[ 149.          238.          145.15589852]
[ 148.          237.            9.35275012]
[ 147.          238.           54.14122802]
[ 146.          238.           83.31941373]
[ 145.          238.           89.37674233]
[ 144.          238.          124.16448222]
[ 143.          239.          179.84995321]
[ 142.          239.           26.77553038]
[ 141.          241.          116.75266854]
[ 140.          240.          106.19225011]
[ 139.          240.          229.06271822]
[ 138.         241.          38.0382904]
[ 137.          243.          324.39655326]
[ 136.          245.           64.97423251]
[ 135.          244.          134.08749827]
[ 134.         245.          36.1321253]
[ 133.          245.          121.76700324]
[ 132.          245.           35.54060795]
[ 131.          246.           92.67200131]
[ 130.         246.          92.7443973]
[ 129.          247.           15.69154419]
[ 128.          248.           54.40870599]
[ 127.          248.            7.79264183]
[ 126.          247.          101.68087237]
[ 125.          247.           26.51329044]
[ 124.          247.           59.04723255]
[ 123.          246.           45.17830431]
[ 122.          247.           83.89794426]
[ 121.          247.           34.39373419]
[ 120.          246.          171.35608118]
[ 119.          245.           93.96007324]
[ 118.          244.           18.66141291]
[ 117.          243.          144.54138526]
[ 116.          244.           56.59534185]
[ 115.          244.           62.85237927]
[ 114.          243.           82.43953485]
[ 113.          243.           24.24298891]
[ 112.          242.           74.61114642]
[ 111.          243.            6.75613611]
[ 110.          243.           51.44689767]
[ 109.          243.           34.46264759]
[ 108.          243.           86.91983083]
[ 107.          242.           69.20759906]
[ 106.          243.           65.42066953]
[ 105.          244.           38.08198336]
[ 104.          244.           67.29413079]
[ 103.          245.           38.15321109]
[ 102.          246.           29.53364747]
[ 101.          244.           79.73318852]
[ 100.          243.           31.42665261]
[  99.          243.           20.66347743]
[  98.          242.           16.24802214]
[  97.          240.          129.66434381]
[  96.          241.          126.09019357]
[  95.          239.          160.92702765]
[  94.         238.          74.0968408]
[  93.          238.            9.94095515]
[  92.          237.          138.67800511]
[  91.          235.           30.39659181]
[  90.          234.           73.75120723]
[  89.          233.            9.33463979]
[  88.          233.            5.68917294]
[  87.          232.          119.42929979]
[  86.          232.          168.06306821]
[  85.          231.           26.16783865]
[  84.          231.           92.90133581]
[  83.          232.          111.26805927]
[  82.         231.          28.3952525]
[  81.          231.          193.53999954]
[  80.          231.           71.73304195]
[  79.          232.           55.95274447]
[  78.          233.          233.52568884]
[  77.          232.           63.71473418]
[  76.          232.           50.54372398]
[  75.          231.           73.05864098]
[  74.          230.           56.74205078]
[  73.          229.          141.56174754]
[  72.          227.          151.75139616]
[  71.          227.          131.45089493]
[  70.          226.          149.39183824]
[  69.          224.           33.14229595]
[  68.          223.           59.12457175]
[  67.          223.           80.54979357]
[  66.          222.           27.74409241]
[  65.         223.         162.3529397]
[  64.          223.           33.44196855]
[  63.          222.            8.21442394]
[  62.          223.           92.25667743]
[  61.          222.           52.96861556]
[  60.          222.          217.10946999]
[  59.          223.            9.43004222]
[  58.          224.           88.82045118]
[  57.          222.           52.09900174]
[  56.          222.           49.48807828]
[  55.          223.          192.22072779]
[  54.          222.           66.75920701]
[  53.          223.          146.30585585]
[  52.          222.           72.35496429]
[  51.          222.          118.51479211]
[  50.          222.          165.13114447]
[  49.          222.            3.11149325]
[  48.          224.          137.41077236]
[  47.          223.           16.86611966]
[  46.          223.          240.07050663]
[  45.          224.          232.24227807]
[  44.          225.           63.61922989]
[  43.         226.          43.4448374]
[  42.          227.          172.16574639]
[  41.          227.            4.52792995]
[  40.          227.          169.90302715]
[  39.          228.           27.71422259]
[  38.          228.           12.77786651]
[  37.          228.            7.15203975]
[  36.          228.          129.05814822]
[  35.          227.           56.58850361]
[  34.          226.           68.48751663]
[  33.         226.         106.6142143]
[  32.          227.            5.22833145]
[  31.          227.          105.18311943]
[  30.          228.           61.30751412]
[  29.          227.          260.56632273]
[  28.          228.          152.41867014]
[  27.          228.           95.64752921]
[  26.          228.           23.58110402]
[  25.          227.          172.92515743]
[  24.         226.         138.2587234]
[  23.          227.           26.67542895]
[  22.         227.          55.0625747]
[  21.          227.          253.97581516]
[  20.          226.          105.44038418]
[  19.         225.          45.1104433]
[  18.          224.          218.16918709]
[  17.         224.           9.2116713]
[  16.          223.           65.37864595]
[  15.          222.          104.14105834]
[  14.          223.           34.98862072]
[  13.          222.           59.36147614]
[  12.          223.          160.36571419]
[  11.         222.          19.8311503]
[  10.          222.           19.18660576]
[   9.          220.          129.19659925]
[   8.          220.          134.33738851]
[   7.          220.           77.17262391]
[   6.          221.           89.87075194]
[   5.          220.           73.29722003]
[   4.          221.            6.44187196]
[   3.          222.            6.40707064]
[   2.          223.          157.44652207]
[   1.         223.          14.0583285]
[   0.          222.            8.83862356]
